2.1499579772353172 Test loss (%)
99.58187937736511 Test accuracy (%)

99.52343198051484 Kappa accuracy (%)
99.58188153310104 Overall accuracy (%)
99.73098999929569 Average accuracy (%)

                              precision    recall  f1-score   support

                     Alfalfa       1.00      1.00      1.00        32
                 Corn-notill       1.00      0.99      0.99      1000
                Corn-mintill       0.99      1.00      1.00       581
                        Corn       1.00      1.00      1.00       166
               Grass-pasture       1.00      0.98      0.99       338
                 Grass-trees       0.99      1.00      0.99       511
         Grass-pasture-mowed       1.00      1.00      1.00        20
               Hay-windrowed       1.00      1.00      1.00       335
                        Oats       1.00      1.00      1.00        14
              Soybean-notill       0.99      1.00      0.99       680
             Soybean-mintill       1.00      0.99      1.00      1719
               Soybean-clean       1.00      1.00      1.00       415
                       Wheat       0.97      1.00      0.98       143
                       Woods       1.00      1.00      1.00       886
Buildings-Grass-Trees-Drives       1.00      1.00      1.00       270
          Stone-Steel-Towers       0.98      1.00      0.99        65

                    accuracy                           1.00      7175
                   macro avg       0.99      1.00      1.00      7175
                weighted avg       1.00      1.00      1.00      7175

[[  32,    0,    0,    0,    0,    0,    0,    0,    0,    0,    0,    0,    0,    0,    0,    0],
 [   0,  989,    2,    0,    0,    1,    0,    0,    0,    6,    2,    0,    0,    0,    0,    0],
 [   0,    0,  581,    0,    0,    0,    0,    0,    0,    0,    0,    0,    0,    0,    0,    0],
 [   0,    0,    0,  166,    0,    0,    0,    0,    0,    0,    0,    0,    0,    0,    0,    0],
 [   0,    0,    1,    0,  332,    0,    0,    0,    0,    0,    0,    0,    5,    0,    0,    0],
 [   0,    0,    0,    0,    0,  511,    0,    0,    0,    0,    0,    0,    0,    0,    0,    0],
 [   0,    0,    0,    0,    0,    0,   20,    0,    0,    0,    0,    0,    0,    0,    0,    0],
 [   0,    0,    0,    0,    0,    0,    0,  335,    0,    0,    0,    0,    0,    0,    0,    0],
 [   0,    0,    0,    0,    0,    0,    0,    0,   14,    0,    0,    0,    0,    0,    0,    0],
 [   0,    2,    0,    0,    0,    0,    0,    0,    0,  678,    0,    0,    0,    0,    0,    0],
 [   0,    0,    0,    0,    0,    6,    0,    0,    0,    3, 1710,    0,    0,    0,    0,    0],
 [   0,    0,    0,    0,    0,    0,    0,    0,    0,    0,    0,  414,    0,    0,    0,    1],
 [   0,    0,    0,    0,    0,    0,    0,    0,    0,    0,    0,    0,  143,    0,    0,    0],
 [   0,    0,    0,    0,    0,    0,    0,    0,    0,    0,    0,    0,    0,  886,    0,    0],
 [   0,    0,    0,    0,    1,    0,    0,    0,    0,    0,    0,    0,    0,    0,  269,    0],
 [   0,    0,    0,    0,    0,    0,    0,    0,    0,    0,    0,    0,    0,    0,    0,   65]]